 200 0.0530375 0.945262
 200 0.0530375 0.943742
 200 0.0530375 0.94124
 200 0.0530375 0.937758
 200 0.0530375 0.933294
 200 0.0530375 0.92785
 200 0.0530375 0.921424
 200 0.0530971 0.914084
 200 0.0536319 0.90629
 200 0.0550212 0.898643
 200 0.0574806 0.892195
 200 0.0605177 0.887411
 200 0.0639906 0.884717
 200 0.0678308 0.883485
 200 0.072009 0.882944
 200 0.076527 0.882813
 200 0.0813891 0.882881
 200 0.0866026 0.883008
 200 0.0921746 0.883113
 200 0.0981097 0.883162
 200 0.10441 0.883146
 200 0.111077 0.883072
 199.999 0.118109 0.882957
 199.999 0.125506 0.882816
 199.999 0.133267 0.882664
 199.999 0.141391 0.882515
 199.999 0.149877 0.882377
 199.998 0.158726 0.882253
 199.998 0.167938 0.882144
 199.998 0.177513 0.882052
 199.997 0.187423 0.881926
 199.997 0.197713 0.881837
 199.997 0.208371 0.881778
 199.996 0.219391 0.881739
 199.996 0.230772 0.881712
 199.995 0.242513 0.881777
 199.995 0.254616 0.881878
 199.994 0.267075 0.881968
 199.994 0.279894 0.881994
 199.993 0.293081 0.881958
 199.992 0.306631 0.881852
 199.992 0.32054 0.88171
 199.991 0.334806 0.881615
 199.99 0.349432 0.881769
 199.989 0.364436 0.882055
 199.988 0.379814 0.882273
 199.987 0.395551 0.882407
 199.986 0.411649 0.882462
 199.985 0.42811 0.882464
 199.984 0.444919 0.882392
 199.983 0.462102 0.88226
 199.982 0.479645 0.8822
 199.981 0.497553 0.882278
 199.979 0.515807 0.882318
 199.978 0.534435 0.882379
 199.977 0.553408 0.882371
 199.975 0.572744 0.882354
 199.974 0.592444 0.882295
 199.972 0.612541 0.882274
 199.971 0.632986 0.88224
 199.969 0.653781 0.882233
 199.967 0.674918 0.882171
 199.965 0.696415 0.882062
 199.964 0.718299 0.882075
 199.962 0.740531 0.882143
 199.96 0.763121 0.882143
 199.958 0.786084 0.882089
 199.956 0.809419 0.882203
 199.954 0.833102 0.88231
 199.952 0.857143 0.882312
 199.95 0.881514 0.882207
 199.947 0.906251 0.882259
 199.945 0.931347 0.882287
 199.943 0.95679 0.882176
 199.94 0.982581 0.882037
 199.938 1.00874 0.882012
 199.936 1.03526 0.882115
 199.933 1.0622 0.882297
 199.93 1.08948 0.882382
 199.928 1.1171 0.882505
 199.925 1.14509 0.882691
 199.922 1.17345 0.882825
 199.919 1.2022 0.883005
 199.916 1.23133 0.883169
 199.913 1.26084 0.883305
 199.91 1.29072 0.883493
 199.907 1.32096 0.88365
 199.903 1.35158 0.88374
 199.9 1.3826 0.883841
 199.897 1.414 0.884003
 199.893 1.44577 0.884163
 199.89 1.4779 0.884229
 199.886 1.5104 0.884288
 199.882 1.54327 0.884359
 199.879 1.57649 0.884336
 199.875 1.61008 0.884254
 199.871 1.64404 0.884226
 199.867 1.67835 0.884175
 199.863 1.71303 0.884152
 199.858 1.74806 0.884148
 199.854 1.78346 0.884148
 199.85 1.81922 0.884199
 199.845 1.85534 0.884213
 199.841 1.89182 0.884181
 199.836 1.92866 0.884184
 199.831 1.96586 0.884103
 199.826 2.00341 0.884128
 199.821 2.04133 0.88412
 199.816 2.0796 0.88414
 199.811 2.11822 0.88411
 199.806 2.15721 0.884056
 199.801 2.19655 0.884056
 199.796 2.23626 0.884019
 199.79 2.27633 0.884069
 199.785 2.31674 0.884013
 199.779 2.3575 0.883976
 199.773 2.39863 0.883987
 199.768 2.44012 0.88403
 199.762 2.48196 0.884026
 199.756 2.52417 0.884038
 199.75 2.56672 0.884047
 199.744 2.60963 0.884083
 199.737 2.6529 0.884096
 199.731 2.69652 0.884098
 199.725 2.7405 0.884033
 199.718 2.78481 0.883994
 199.711 2.82949 0.883981
 199.705 2.87453 0.883986
 199.698 2.91992 0.883986
 199.691 2.96565 0.884003
 199.684 3.01174 0.883984
 199.677 3.05817 0.883941
 199.67 3.10496 0.883905
 199.662 3.15211 0.883918
 199.655 3.1996 0.883981
 199.647 3.24745 0.88401
 199.64 3.29564 0.884029
 199.632 3.34415 0.883954
 199.624 3.39304 0.883914
 199.616 3.44228 0.883935
 199.608 3.49187 0.884005
 199.6 3.5418 0.884049
 199.591 3.59208 0.884023
 199.583 3.6427 0.883985
 199.575 3.69367 0.883957
 199.566 3.74499 0.883942
 199.557 3.79665 0.883974
 199.548 3.84865 0.883974
 199.539 3.90098 0.883921
 199.53 3.95368 0.883893
 199.521 4.00671 0.883903
 199.512 4.06008 0.883877
 199.502 4.1138 0.883907
 199.492 4.16786 0.883926
 199.483 4.22227 0.883953
 199.473 4.27702 0.883931
 199.463 4.3321 0.883893
 199.453 4.38753 0.883868
 199.443 4.4433 0.883879
 199.432 4.49941 0.883902
 199.422 4.55585 0.883911
 199.411 4.61264 0.883891
 199.4 4.66976 0.883879
 199.389 4.72722 0.883884
 199.378 4.78501 0.883888
 199.367 4.8431 0.883828
 199.356 4.90152 0.883727
 199.345 4.96032 0.883764
 199.333 5.01945 0.883826
 199.321 5.07891 0.883845
 199.31 5.13871 0.883862
 199.298 5.19883 0.88382
 199.286 5.25929 0.883813
 199.273 5.32008 0.883799
 199.261 5.3812 0.883776
 199.248 5.44265 0.883788
 199.236 5.50444 0.8838
 199.223 5.56654 0.883763
 199.21 5.62899 0.883791
 199.197 5.69176 0.883796
 199.184 5.75487 0.883784
 199.17 5.81828 0.883749
 199.157 5.88204 0.883751
 199.143 5.94612 0.883732
 199.129 6.01053 0.883713
 199.115 6.07526 0.883676
 199.101 6.1403 0.883612
 199.087 6.20569 0.88364
 199.072 6.2714 0.883677
 199.058 6.33744 0.883721
 199.043 6.40379 0.883715
 199.028 6.47047 0.883734
 199.013 6.53747 0.88374
 198.998 6.60478 0.883684
 198.982 6.67242 0.883662
 198.967 6.74039 0.883657
 198.951 6.80867 0.883676
 198.935 6.87727 0.88368
 198.919 6.94618 0.883689
 198.903 7.01541 0.883701
 198.886 7.08496 0.883709
 198.87 7.15482 0.883703
 198.853 7.225 0.883682
 198.836 7.29549 0.883651
 198.819 7.3663 0.883632
 198.802 7.43742 0.883634
 198.784 7.50884 0.883618
 198.767 7.58059 0.883615
 198.749 7.65265 0.8836
 198.731 7.72502 0.883584
 198.713 7.7977 0.883592
 198.695 7.87069 0.883599
 198.676 7.94398 0.883582
 198.658 8.0176 0.883591
 198.639 8.09152 0.883595
 198.62 8.16574 0.883589
 198.601 8.24027 0.883603
 198.581 8.31511 0.883577
 198.562 8.39025 0.883572
 198.542 8.4657 0.883592
 198.522 8.54145 0.883616
 198.502 8.61751 0.883588
 198.481 8.69386 0.88355
 198.461 8.77053 0.883544
 198.44 8.84748 0.88354
 198.419 8.92473 0.883525
 198.398 9.00228 0.883493
 198.377 9.08014 0.88351
 198.356 9.15831 0.883526
 198.334 9.23677 0.883537
 198.312 9.31553 0.883535
 198.29 9.39459 0.883522
 198.268 9.47395 0.883518
 198.246 9.55362 0.883519
 198.223 9.63356 0.883468
 198.2 9.71382 0.883445
 198.177 9.79437 0.883435
 198.154 9.8752 0.88344
 198.131 9.95633 0.883421
 198.107 10.0378 0.883422
 198.083 10.1195 0.88341
 198.059 10.2015 0.883434
 198.035 10.2838 0.883468
 198.011 10.3664 0.883479
 197.986 10.4493 0.883454
 197.962 10.5325 0.883452
 197.937 10.6159 0.883434
 197.911 10.6997 0.883464
 197.886 10.7838 0.883488
 197.86 10.8681 0.883504
 197.835 10.9527 0.88347
 197.809 11.0377 0.883419
 197.783 11.1229 0.883395
 197.756 11.2084 0.883376
 197.73 11.2941 0.883328
 197.703 11.3802 0.883328
 197.676 11.4666 0.88335
 197.649 11.5532 0.883371
 197.622 11.6402 0.883365
 197.594 11.7274 0.883288
 197.566 11.8149 0.883283
 197.538 11.9027 0.883301
 197.51 11.9908 0.883298
 197.482 12.0791 0.883301
 197.453 12.1678 0.883318
 197.425 12.2567 0.883294
 197.396 12.3459 0.883298
 197.367 12.4354 0.8833
 197.337 12.5252 0.883283
 197.308 12.6153 0.883261
 197.278 12.7056 0.88328
 197.248 12.7962 0.883233
 197.218 12.8872 0.883235
 197.188 12.9783 0.883233
 197.157 13.0698 0.883212
 197.127 13.1616 0.883203
 197.096 13.2536 0.88325
 197.065 13.3459 0.883263
 197.033 13.4384 0.883275
 197.002 13.5312 0.883274
 196.97 13.6243 0.883257
 196.939 13.7176 0.883183
 196.907 13.8112 0.883144
 196.874 13.905 0.883109
 196.842 13.9991 0.883116
 196.81 14.0934 0.883103
 196.777 14.1879 0.883124
 196.744 14.2827 0.883129
 196.711 14.3777 0.883117
 196.678 14.4729 0.883093
 196.645 14.5683 0.883028
 196.611 14.664 0.883021
 196.578 14.7598 0.883032
 196.544 14.8559 0.883007
 196.51 14.9522 0.882971
 196.476 15.0488 0.882973
 196.442 15.1455 0.883013
 196.407 15.2424 0.88296
 196.373 15.3395 0.882899
 196.338 15.4368 0.882814
 196.303 15.5343 0.882798
 196.268 15.6321 0.882807
 196.233 15.73 0.882816
 196.198 15.8281 0.882797
 196.163 15.9263 0.882749
 196.127 16.0248 0.882733
 196.092 16.1234 0.882748
 196.056 16.2222 0.882695
 196.02 16.3212 0.882658
 195.985 16.4204 0.882664
 195.949 16.5198 0.882678
 195.912 16.6193 0.882663
 195.876 16.719 0.882642
 195.84 16.8189 0.882585
 195.803 16.9189 0.882526
 195.767 17.0191 0.88252
 195.73 17.1195 0.882525
 195.694 17.22 0.882533
 195.657 17.3207 0.882534
 195.62 17.4216 0.882514
 195.583 17.5226 0.882467
 195.546 17.6238 0.882464
 195.509 17.7251 0.882455
 195.472 17.8266 0.882466
 195.435 17.9283 0.88247
 195.397 18.0301 0.882442
 195.36 18.132 0.882444
 195.323 18.2341 0.88243
 195.285 18.3364 0.882424
 195.247 18.4388 0.882402
 195.21 18.5413 0.88234
 195.172 18.644 0.882286
 195.135 18.7469 0.882241
 195.097 18.8498 0.88219
 195.059 18.953 0.882176
 195.021 19.0562 0.882152
 194.984 19.1597 0.882179
 194.946 19.2632 0.882219
 194.908 19.3669 0.88223
 194.87 19.4708 0.882177
 194.832 19.5748 0.882154
 194.794 19.6789 0.882179
 194.756 19.7831 0.882248
 194.718 19.8875 0.882248
 194.681 19.9921 0.882211
 194.643 20.0967 0.882227
 194.605 20.2015 0.882218
 194.567 20.3065 0.882244
 194.529 20.4115 0.882259
 194.491 20.5167 0.882257
 194.453 20.6221 0.882192
 194.415 20.7276 0.882074
 194.377 20.8332 0.882062
 194.339 20.9389 0.882075
 194.302 21.0448 0.882089
 194.264 21.1508 0.882057
 194.226 21.2569 0.88197
 194.188 21.3631 0.881962
 194.151 21.4695 0.881961
 194.113 21.576 0.881966
 194.076 21.6826 0.881987
 194.038 21.7894 0.881997
 194 21.8963 0.881971
 193.963 22.0033 0.881879
 193.926 22.1104 0.881851
 193.888 22.2177 0.881834
 193.851 22.3251 0.88187
 193.814 22.4326 0.881912
 193.777 22.5402 0.881919
 193.74 22.648 0.881916
 193.703 22.7559 0.881919
 193.666 22.8639 0.881923
 193.629 22.972 0.88187
 193.592 23.0802 0.881788
 193.556 23.1886 0.881718
 193.519 23.2971 0.881679
 193.483 23.4057 0.881673
 193.446 23.5144 0.881667
 193.41 23.6233 0.881705
 193.374 23.7323 0.881747
 193.338 23.8414 0.881755
 193.302 23.9506 0.881681
 193.266 24.0599 0.881659
 193.23 24.1693 0.881582
 193.194 24.2789 0.88156
 193.159 24.3885 0.881566
 193.123 24.4983 0.881613
 193.088 24.6082 0.881659
 193.053 24.7182 0.881647
 193.018 24.8284 0.881619
 192.983 24.9386 0.88157
 192.948 25.0489 0.881559
 192.913 25.1594 0.88154
 192.879 25.27 0.881553
 192.844 25.3807 0.881576
 192.81 25.4915 0.881593
 192.776 25.6024 0.881594
 192.742 25.7134 0.881595
 192.708 25.8245 0.88152
 192.674 25.9358 0.881482
 192.641 26.0471 0.881459
 192.607 26.1586 0.881424
 192.574 26.2702 0.881432
 192.541 26.3819 0.881431
 192.508 26.4937 0.881402
 192.475 26.6056 0.881442
 192.443 26.7176 0.881474
 192.41 26.8297 0.881489
 192.378 26.9419 0.881452
 192.346 27.0543 0.881451
 192.314 27.1667 0.881445
 192.282 27.2793 0.881443
 192.251 27.3919 0.881428
 192.22 27.5047 0.881379
 192.188 27.6175 0.881349
 192.158 27.7305 0.881328
 192.127 27.8436 0.881354
 192.096 27.9568 0.88137
 192.066 28.07 0.881402
 192.036 28.1834 0.881408
 192.006 28.2969 0.881432
 191.976 28.4105 0.881417
 191.947 28.5242 0.88142
 191.917 28.638 0.881424
 191.888 28.7519 0.881394
 191.859 28.8659 0.881349
 191.831 28.98 0.881344
 191.803 29.0942 0.881336
 191.774 29.2085 0.881327
 191.747 29.3229 0.881369
 191.719 29.4374 0.88137
 191.691 29.552 0.881378
 191.664 29.6667 0.881348
 191.637 29.7815 0.881292
 191.611 29.8964 0.881276
 191.584 30.0114 0.881284
 191.558 30.1265 0.881263
 191.533 30.2417 0.881246
 191.507 30.357 0.8813
 191.482 30.4724 0.881345
 191.457 30.5879 0.881337
 191.432 30.7035 0.88129
 191.408 30.8191 0.881262
 191.383 30.9349 0.88126
 191.36 31.0508 0.881323
 191.336 31.1667 0.881348
 191.313 31.2827 0.881398
 191.29 31.3989 0.881442
 191.267 31.5151 0.881463
 191.245 31.6314 0.881468
 191.223 31.7478 0.881455
 191.202 31.8643 0.881399
 191.18 31.9809 0.881422
 191.159 32.0976 0.88142
 191.139 32.2143 0.881372
 191.118 32.3311 0.881405
 191.098 32.4481 0.881489
 191.079 32.5651 0.88156
 191.06 32.6822 0.881624
 191.041 32.7993 0.881671
 191.022 32.9166 0.881672
 191.004 33.0339 0.88164
 190.986 33.1513 0.881638
 190.969 33.2688 0.881635
 190.952 33.3863 0.881647
 190.935 33.504 0.881651
 190.919 33.6217 0.881637
 190.903 33.7394 0.881683
 190.888 33.8573 0.881722
 190.873 33.9752 0.881687
 190.858 34.0932 0.881687
 190.844 34.2112 0.881706
 190.83 34.3293 0.881736
 190.816 34.4475 0.881795
 190.803 34.5657 0.881797
 190.79 34.684 0.881775
 190.778 34.8024 0.88175
 190.766 34.9208 0.881799
 190.755 35.0393 0.881855
 190.744 35.1578 0.881895
 190.733 35.2764 0.881922
 190.723 35.395 0.881971
 190.713 35.5137 0.881978
 190.704 35.6324 0.881979
 190.695 35.7512 0.882006
 190.686 35.87 0.881994
 190.678 35.9889 0.881943
 190.67 36.1078 0.881916
 190.663 36.2267 0.881917
 190.656 36.3457 0.88188
 190.65 36.4647 0.881886
 190.644 36.5838 0.881897
 190.638 36.7028 0.88193
 190.633 36.822 0.881973
 190.628 36.9411 0.882009
 190.624 37.0603 0.882008
 190.62 37.1795 0.882045
 190.617 37.2987 0.882065
 190.614 37.4179 0.882048
 190.611 37.5372 0.882068
 190.609 37.6565 0.882102
 190.608 37.7758 0.882039
 190.607 37.8951 0.882035
 190.606 38.0144 0.882058
 190.606 38.1337 0.882055
 190.606 38.2531 0.882067
 190.607 38.3724 0.882067
 190.608 38.4917 0.882096
 190.609 38.6111 0.882132
 190.612 38.7304 0.882177
 190.614 38.8498 0.882201
 190.617 38.9691 0.882096
 190.621 39.0885 0.882088
 190.625 39.2078 0.882121
 190.629 39.3271 0.882196
 190.634 39.4464 0.882195
 190.64 39.5657 0.882235
 190.646 39.685 0.882308
 190.652 39.8043 0.88235
 190.659 39.9235 0.882368
 190.666 40.0427 0.882353
 190.674 40.1619 0.882385
 190.683 40.281 0.882443
 190.692 40.4001 0.882472
 190.701 40.5192 0.88249
 190.711 40.6382 0.882491
 190.722 40.7572 0.882508
 190.732 40.8762 0.882456
 190.744 40.9951 0.8825
 190.756 41.1139 0.882556
 190.768 41.2327 0.882613
 190.781 41.3515 0.882622
 190.795 41.4702 0.882585
 190.809 41.5889 0.882544
 190.823 41.7074 0.882572
 190.839 41.826 0.882629
 190.854 41.9444 0.882656
 190.87 42.0628 0.882662
 190.887 42.1812 0.882637
 190.904 42.2994 0.882624
 190.921 42.4176 0.882645
 190.939 42.5357 0.882701
 190.958 42.6537 0.882726
 190.977 42.7717 0.882724
 190.997 42.8895 0.88272
 191.017 43.0073 0.882707
 191.038 43.125 0.882655
 191.059 43.2426 0.882648
 191.081 43.3601 0.882632
 191.103 43.4776 0.882595
 191.126 43.5949 0.882575
 191.149 43.7121 0.882518
 191.172 43.8293 0.882531
 191.197 43.9463 0.882645
 191.222 44.0632 0.882702
 191.247 44.18 0.88273
 191.273 44.2967 0.882767
 191.299 44.4133 0.882832
 191.326 44.5298 0.882828
 191.353 44.6461 0.882786
 191.381 44.7624 0.882799
 191.409 44.8785 0.882766
 191.438 44.9945 0.882679
 191.468 45.1104 0.882691
 191.498 45.2261 0.882708
 191.528 45.3417 0.882683
 191.559 45.4572 0.882696
 191.59 45.5725 0.882764
 191.622 45.6877 0.882815
 191.655 45.8028 0.882742
 191.688 45.9177 0.882721
 191.721 46.0325 0.882732
 191.755 46.1471 0.882742
 191.79 46.2616 0.882759
 191.825 46.3759 0.882809
 191.86 46.4901 0.882856
 191.896 46.6041 0.882863
 191.933 46.7179 0.882928
 191.97 46.8316 0.882955
 192.007 46.9451 0.882936
 192.045 47.0585 0.882844
 192.084 47.1717 0.882854
 192.123 47.2847 0.882818
 192.162 47.3975 0.882825
 192.202 47.5102 0.882811
 192.243 47.6227 0.882815
 192.284 47.7349 0.882858
 192.326 47.847 0.882925
 192.368 47.9589 0.882965
 192.41 48.0707 0.882973
 192.453 48.1822 0.883006
 192.497 48.2935 0.883008
 192.541 48.4046 0.882987
 192.586 48.5155 0.882982
 192.631 48.6263 0.883
 192.676 48.7368 0.88298
 192.722 48.8471 0.882917
 192.769 48.9572 0.882912
 192.816 49.0671 0.882925
 192.864 49.1768 0.882946
 192.912 49.2863 0.882935
 192.96 49.3955 0.882833
 193.009 49.5046 0.882794
 193.059 49.6134 0.882796
 193.109 49.722 0.882838
 193.159 49.8304 0.882882
 193.21 49.9386 0.882863
 193.262 50.0465 0.882876
 193.314 50.1542 0.882888
 193.366 50.2617 0.882891
 193.419 50.369 0.88287
 193.472 50.476 0.882841
 193.526 50.5828 0.88281
 193.58 50.6894 0.88283
 193.635 50.7957 0.882851
 193.69 50.9017 0.882852
 193.746 51.0076 0.882826
 193.802 51.1131 0.882866
 193.859 51.2183 0.882918
 193.917 51.3231 0.882962
 193.974 51.4276 0.882958
 194.033 51.5318 0.882871
 194.092 51.6355 0.882812
 194.151 51.7388 0.882718
 194.211 51.8418 0.882514
 194.272 51.9443 0.882134
 194.333 52.0465 0.881674
 194.394 52.148 0.8813
 194.456 52.2491 0.880905
 194.519 52.3496 0.880684
 194.582 52.4494 0.880592
 194.645 52.5486 0.880556
 194.709 52.6473 0.880485
 194.773 52.7454 0.880425
 194.838 52.8427 0.880514
 194.903 52.9391 0.880858
 194.969 53.0349 0.882707
 195.035 53.1307 0.885049
 195.101 53.2264 0.887056
 195.168 53.3219 0.88862
 195.235 53.4172 0.889631
 195.303 53.5124 0.890173
 195.37 53.6074 0.890167
 195.438 53.7024 0.889558
 195.507 53.7972 0.888326
 195.575 53.8919 0.886495
 195.644 53.9866 0.884291
 195.711 54.0813 0.882139
 195.779 54.1759 0.880334
 195.845 54.2703 0.879056
 195.911 54.3647 0.878395
 195.976 54.459 0.878087
 196.041 54.5532 0.878094
 196.105 54.6475 0.878334
 196.168 54.7417 0.878727
 196.231 54.8359 0.879031
 196.294 54.9301 0.879245
 196.357 55.0244 0.87941
 196.419 55.1187 0.879408
 196.481 55.2131 0.879285
 196.543 55.3075 0.879157
 196.603 55.402 0.879076
 196.664 55.4966 0.879029
 196.724 55.5913 0.878984
 196.783 55.6862 0.878973
 196.842 55.7811 0.878967
 196.9 55.8761 0.87901
 196.958 55.9713 0.879129
 197.015 56.0666 0.879226
 197.072 56.162 0.879208
 197.128 56.2576 0.879292
 197.183 56.3534 0.879368
 197.238 56.4493 0.879393
 197.293 56.5453 0.87952
 197.346 56.6415 0.879648
 197.399 56.7378 0.879778
 197.452 56.8342 0.879853
 197.504 56.9309 0.879898
 197.555 57.0277 0.87995
 197.606 57.1246 0.879997
 197.656 57.2216 0.880136
 197.706 57.3188 0.880236
 197.754 57.416 0.880351
 197.803 57.5135 0.880363
 197.85 57.611 0.880374
 197.897 57.7087 0.880499
 197.943 57.8065 0.880583
 197.989 57.9043 0.880689
 198.034 58.0022 0.880849
 198.078 58.1002 0.880975
 198.121 58.1984 0.881095
 198.164 58.2967 0.881201
 198.206 58.3951 0.88129
 198.248 58.4936 0.881302
 198.289 58.5922 0.881297
 198.329 58.6909 0.881316
 198.368 58.7896 0.881222
 198.407 58.8884 0.881235
 198.445 58.9872 0.88139
 198.482 59.086 0.881618
 198.518 59.1849 0.881816
 198.553 59.2837 0.881988
 198.588 59.3826 0.882112
 198.622 59.4815 0.882238
 198.655 59.5804 0.882384
 198.688 59.6792 0.882496
 198.719 59.778 0.882564
 198.75 59.8768 0.882599
 198.781 59.9756 0.882619
 198.81 60.0744 0.882578
 198.839 60.1731 0.882469
 198.867 60.2719 0.882235
 198.894 60.3706 0.882066
 198.921 60.4692 0.882019
 198.946 60.5678 0.882106
 198.971 60.6662 0.882261
 198.995 60.7647 0.882466
 199.019 60.863 0.882572
 199.041 60.9613 0.882613
 199.063 61.0594 0.882732
 199.084 61.1576 0.882697
 199.104 61.2556 0.882594
 199.124 61.3536 0.88247
 199.143 61.4515 0.882352
 199.161 61.5492 0.882326
 199.178 61.6469 0.882319
 199.194 61.7443 0.882363
 199.21 61.8417 0.882508
 199.225 61.9388 0.88265
 199.239 62.0359 0.882744
 199.252 62.1328 0.882849
 199.264 62.2294 0.882938
 199.276 62.3259 0.883028
 199.287 62.4223 0.882913
 199.297 62.5186 0.882742
 199.307 62.6146 0.8827
 199.315 62.7103 0.88291
 199.323 62.8057 0.883114
 199.33 62.901 0.883318
 199.336 62.9961 0.883477
 199.342 63.0909 0.883709
 199.347 63.1855 0.883929
 199.351 63.2799 0.884057
 199.354 63.374 0.884082
 199.357 63.468 0.884027
 199.358 63.5617 0.883881
 199.36 63.6552 0.883728
 199.36 63.7485 0.883475
 199.36 63.8416 0.883163
 199.359 63.9343 0.882942
 199.357 64.0267 0.882803
 199.354 64.1188 0.882738
 199.351 64.2105 0.882748
 199.347 64.3019 0.882843
 199.342 64.3929 0.882983
 199.336 64.4837 0.883142
 199.33 64.5742 0.88311
 199.323 64.6644 0.883083
 199.315 64.7543 0.883089
 199.306 64.8437 0.883246
 199.297 64.9327 0.883379
 199.287 65.0215 0.883478
 199.276 65.1099 0.883437
 199.265 65.198 0.883439
 199.253 65.2857 0.883374
 199.24 65.3731 0.883298
 199.227 65.46 0.883353
 199.213 65.5464 0.883454
 199.198 65.6326 0.883443
 199.183 65.7183 0.883481
 199.166 65.8037 0.883497
 199.149 65.8885 0.883528
 199.132 65.973 0.883588
 199.114 66.057 0.883607
 199.095 66.1406 0.883636
 199.076 66.2239 0.883491
 199.056 66.3069 0.883196
 199.035 66.3894 0.882942
 199.014 66.4715 0.882636
 198.992 66.553 0.882482
 198.969 66.634 0.882436
 198.946 66.7146 0.88243
 198.922 66.7946 0.882417
 198.898 66.8742 0.882464
 198.873 66.9533 0.882503
 198.847 67.032 0.882469
 198.82 67.1103 0.882263
 198.793 67.1881 0.882211
 198.766 67.2651 0.882385
 198.737 67.3417 0.882594
 198.708 67.4177 0.882891
 198.679 67.4932 0.883166
 198.648 67.5683 0.883403
 198.618 67.6427 0.883683
 198.586 67.7167 0.883897
 198.554 67.7902 0.884039
 198.522 67.8632 0.884072
 198.489 67.9357 0.883992
 198.455 68.0076 0.883934
 198.421 68.0791 0.883848
 198.387 68.1499 0.883864
 198.351 68.2202 0.88384
 198.316 68.2899 0.883923
 198.279 68.3591 0.883859
 198.242 68.4277 0.883797
 198.205 68.4957 0.883732
 198.167 68.5631 0.883726
 198.129 68.6299 0.883815
 198.09 68.6961 0.88379
 198.05 68.7619 0.883715
 198.01 68.8269 0.883774
 197.97 68.8913 0.88384
 197.929 68.9551 0.883886
 197.888 69.0184 0.883904
 197.846 69.0811 0.883826
 197.803 69.1433 0.883695
 197.761 69.2048 0.88364
 197.717 69.2656 0.883609
 197.674 69.3259 0.883622
 197.629 69.3855 0.883581
 197.585 69.4445 0.883559
 197.54 69.5029 0.883509
 197.494 69.5606 0.883536
 197.448 69.6176 0.883606
 197.402 69.6741 0.883519
 197.355 69.73 0.883362
 197.308 69.7852 0.883239
 197.26 69.8399 0.883034
 197.213 69.8939 0.882871
 197.164 69.9474 0.882685
 197.116 70.0003 0.88241
 197.067 70.0525 0.882176
 197.017 70.1041 0.881997
 196.968 70.155 0.881829
 196.918 70.2053 0.881704
 196.867 70.2549 0.881638
 196.816 70.3038 0.8817
 196.765 70.352 0.881844
 196.714 70.3996 0.881932
 196.662 70.4464 0.882174
 196.609 70.4927 0.882433
 196.557 70.5383 0.882693
 196.504 70.5834 0.882712
 196.451 70.628 0.882497
 196.397 70.672 0.882316
 196.344 70.7154 0.882113
 196.29 70.7583 0.881797
 196.236 70.8006 0.881549
 196.181 70.842 0.881687
 196.126 70.8826 0.88199
 196.071 70.9227 0.882167
 196.015 70.9624 0.882169
 195.959 71.0014 0.882104
 195.903 71.0396 0.882129
 195.847 71.0771 0.882179
 195.79 71.1139 0.882293
 195.734 71.1499 0.88238
 195.677 71.1854 0.88222
 195.619 71.2204 0.881979
 195.562 71.2544 0.882126
 195.504 71.2874 0.882519
 195.447 71.3199 0.882746
 195.389 71.3518 0.882671
 195.33 71.3831 0.882496
 195.272 71.4137 0.8823
 195.213 71.4435 0.882243
 195.155 71.4724 0.882236
 195.096 71.5007 0.882223
 195.037 71.5281 0.882316
 194.978 71.5547 0.882434
 194.918 71.5804 0.882626
 194.859 71.6056 0.882722
 194.8 71.6299 0.882879
 194.74 71.6536 0.882931
 194.68 71.6767 0.882924
 194.62 71.699 0.882924
 194.56 71.7204 0.882984
 194.5 71.7411 0.883149
 194.44 71.7609 0.883388
 194.38 71.78 0.883598
 194.32 71.7983 0.883698
 194.26 71.8161 0.883646
 194.199 71.8331 0.883515
 194.139 71.8493 0.883433
 194.079 71.8648 0.883406
 194.019 71.8794 0.883426
 193.958 71.8933 0.883448
 193.898 71.9064 0.883502
 193.838 71.9187 0.883549
 193.778 71.9302 0.883609
 193.717 71.9412 0.883544
 193.657 71.9513 0.88357
 193.597 71.9605 0.883665
 193.537 71.969 0.883771
 193.477 71.9768 0.883792
 193.417 71.9839 0.883708
 193.357 71.9904 0.88353
 193.297 71.996 0.883513
 193.237 72.0009 0.883532
 193.178 72.005 0.883536
 193.118 72.0084 0.883538
 193.059 72.011 0.883534
 192.999 72.0129 0.88351
 192.94 72.0141 0.883504
 192.881 72.0146 0.883518
 192.822 72.0143 0.883531
 192.763 72.0132 0.883524
 192.705 72.0116 0.883447
 192.646 72.0092 0.883372
 192.588 72.0062 0.883296
 192.53 72.0024 0.883331
 192.472 71.9979 0.883272
 192.414 71.9928 0.883223
 192.356 71.987 0.883179
 192.298 71.9805 0.883114
 192.241 71.9735 0.883021
 192.183 71.9658 0.88289
 192.126 71.9574 0.882833
 192.069 71.9484 0.882883
 192.013 71.9387 0.882847
 191.956 71.9284 0.882803
 191.899 71.9176 0.882719
 191.843 71.9061 0.882614
 191.787 71.894 0.882595
 191.731 71.8812 0.882638
 191.675 71.8678 0.882729
 191.62 71.8537 0.882811
 191.565 71.839 0.882878
 191.51 71.8238 0.882881
 191.455 71.8079 0.882841
 191.4 71.7915 0.882668
 191.346 71.7746 0.882566
 191.292 71.7571 0.882536
 191.238 71.7389 0.882599
 191.184 71.72 0.882656
 191.131 71.7007 0.882629
 191.078 71.6808 0.882623
 191.025 71.6603 0.882581
 190.972 71.6392 0.882544
 190.92 71.6177 0.882521
 190.868 71.5955 0.882528
 190.816 71.5728 0.882581
 190.764 71.5495 0.882649
 190.713 71.5257 0.882677
 190.662 71.5014 0.882604
 190.611 71.4766 0.882509
 190.56 71.4513 0.88247
 190.51 71.4254 0.882409
 190.46 71.399 0.882405
 190.411 71.3721 0.882435
 190.362 71.3446 0.882485
 190.313 71.3166 0.882466
 190.264 71.288 0.882507
 190.216 71.259 0.882488
 190.168 71.2295 0.88247
 190.12 71.1995 0.882445
 190.073 71.169 0.882392
 190.026 71.138 0.882483
 189.979 71.1065 0.882514
 189.933 71.0745 0.882526
 189.887 71.042 0.882514
 189.841 71.0091 0.88244
 189.796 70.9757 0.882397
 189.751 70.9419 0.88236
 189.707 70.9076 0.882242
 189.662 70.8728 0.882169
 189.619 70.8376 0.88219
 189.575 70.802 0.882101
 189.532 70.7659 0.88207
 189.49 70.7295 0.881838
 189.447 70.6927 0.881673
 189.405 70.6553 0.88174
 189.364 70.6175 0.881845
 189.323 70.5792 0.881897
 189.282 70.5405 0.881948
 189.242 70.5014 0.881951
 189.202 70.4619 0.882061
 189.162 70.4218 0.882192
 189.123 70.3814 0.882275
 189.085 70.3406 0.882418
 189.047 70.2994 0.882464
 189.009 70.2578 0.88246
 188.972 70.2158 0.882483
 188.936 70.1735 0.882557
 188.9 70.1307 0.882587
 188.864 70.0876 0.882558
 188.829 70.0442 0.882486
 188.795 70.0003 0.882457
 188.761 69.9561 0.882455
 188.727 69.9116 0.882481
 188.694 69.8667 0.882509
 188.662 69.8215 0.882517
 188.63 69.7758 0.882578
 188.599 69.7299 0.882587
 188.568 69.6837 0.882632
 188.537 69.6371 0.88271
 188.508 69.5902 0.882778
 188.479 69.543 0.88278
 188.45 69.4955 0.882738
 188.422 69.4478 0.882722
 188.394 69.3997 0.882668
 188.367 69.3514 0.88257
 188.34 69.3028 0.882497
 188.314 69.2539 0.882496
 188.288 69.2048 0.882495
 188.263 69.1553 0.882504
 188.239 69.1057 0.882521
 188.215 69.0557 0.882477
 188.191 69.0055 0.882495
 188.168 68.955 0.882475
 188.146 68.9042 0.882331
 188.124 68.8533 0.882168
 188.102 68.8021 0.882145
 188.081 68.7507 0.882165
 188.061 68.6991 0.882189
 188.041 68.6472 0.882192
 188.022 68.5952 0.882161
 188.003 68.5429 0.882162
 187.985 68.4905 0.882168
 187.967 68.4378 0.882148
 187.95 68.385 0.882153
 187.934 68.332 0.882219
 187.918 68.2788 0.882315
 187.902 68.2254 0.882372
 187.888 68.1719 0.88242
 187.873 68.1182 0.88244
 187.86 68.0645 0.882403
 187.847 68.0105 0.882345
 187.834 67.9564 0.882312
 187.822 67.9022 0.882291
 187.811 67.8479 0.882273
 187.8 67.7934 0.882218
 187.79 67.7389 0.882246
 187.78 67.6842 0.882249
 187.771 67.6295 0.882145
 187.763 67.5746 0.882196
 187.755 67.5196 0.882308
 187.747 67.4646 0.882293
 187.741 67.4095 0.882287
 187.734 67.3543 0.882313
 187.729 67.299 0.88224
 187.724 67.2436 0.882124
 187.719 67.1882 0.881958
 187.715 67.1327 0.88192
 187.712 67.0772 0.882
 187.709 67.0217 0.882153
 187.707 66.9661 0.882186
 187.705 66.9105 0.882157
 187.704 66.8548 0.882235
 187.704 66.7992 0.882331
 187.704 66.7436 0.882403
 187.705 66.688 0.882364
 187.706 66.6324 0.882287
 187.708 66.5768 0.882226
 187.71 66.5212 0.882219
 187.714 66.4656 0.882222
 187.717 66.4101 0.882205
 187.722 66.3546 0.882179
 187.726 66.2993 0.88218
 187.732 66.2439 0.882204
 187.738 66.1886 0.882163
 187.744 66.1333 0.882076
 187.752 66.0782 0.882025
 187.759 66.0231 0.882075
 187.768 65.968 0.882108
 187.777 65.9131 0.882161
 187.786 65.8583 0.882158
 187.796 65.8036 0.882176
 187.807 65.7489 0.882218
 187.818 65.6944 0.88227
 187.83 65.64 0.882319
 187.842 65.5857 0.882276
 187.855 65.5315 0.88227
 187.869 65.4775 0.882202
 187.883 65.4237 0.882237
 187.898 65.37 0.882241
 187.913 65.3164 0.88221
 187.929 65.2629 0.882171
 187.945 65.2096 0.882032
 187.962 65.1563 0.881727
 187.979 65.1031 0.881366
 187.996 65.0501 0.881113
 188.015 64.9972 0.88105
 188.034 64.9446 0.881102
 188.053 64.892 0.880958
 188.073 64.8394 0.88059
 188.093 64.787 0.880393
 188.113 64.7347 0.880308
 188.135 64.6826 0.880286
 188.156 64.6306 0.880294
 188.179 64.5789 0.880485
 188.202 64.5273 0.880648
 188.225 64.476 0.880847
 188.249 64.425 0.881023
 188.274 64.3742 0.881229
 188.299 64.3237 0.881439
 188.325 64.2736 0.881694
 188.351 64.2238 0.881914
 188.378 64.1743 0.882044
 188.405 64.1251 0.882079
 188.433 64.0763 0.882121
 188.461 64.0279 0.88223
 188.49 63.9798 0.882301
 188.519 63.9322 0.882417
 188.549 63.8849 0.88249
 188.58 63.838 0.882576
 188.61 63.7914 0.882509
 188.642 63.7451 0.88254
 188.674 63.6993 0.882613
 188.706 63.6539 0.882702
 188.739 63.6088 0.882765
 188.773 63.5642 0.8828
 188.806 63.5199 0.882784
 188.841 63.476 0.88278
 188.876 63.4326 0.882787
 188.911 63.3895 0.882722
 188.947 63.3469 0.882668
 188.983 63.3046 0.882647
 189.019 63.2627 0.882693
 189.057 63.2212 0.882781
 189.094 63.1801 0.88279
 189.132 63.1395 0.882751
 189.171 63.0992 0.882739
 189.209 63.0594 0.8827
 189.249 63.02 0.882677
 189.288 62.981 0.882695
 189.328 62.9424 0.882692
 189.369 62.9043 0.882697
 189.41 62.8666 0.882779
 189.451 62.8294 0.882879
 189.493 62.7927 0.88292
 189.535 62.7564 0.882963
 189.578 62.7206 0.882981
 189.62 62.6853 0.882961
 189.664 62.6504 0.882938
 189.707 62.616 0.882893
 189.751 62.5821 0.882831
 189.796 62.5487 0.883049
 189.84 62.5151 0.883978
 189.885 62.4811 0.884765
 189.929 62.4468 0.885317
 189.974 62.4121 0.88547
 190.02 62.377 0.885211
 190.066 62.3414 0.884737
 190.112 62.3055 0.883931
 190.158 62.2693 0.882649
 190.204 62.2328 0.881186
 190.251 62.1956 0.879994
 190.298 62.1578 0.87921
 190.344 62.1196 0.878579
 190.391 62.081 0.878354
 190.437 62.0419 0.878378
 190.482 62.0025 0.878558
